,Treebank,es_gsd-ud-train_Case=Com,fi_ood-ud-test_Case=Com,es_ancora-ud-train_Case=Com,es_ancora-ud-test_Case=Com,es_ancora-ud-dev_Case=Com,sms_giellagas-ud-test_Case=Com,et_ewt-ud-train_Case=Com,et_ewt-ud-test_Case=Com,et_ewt-ud-dev_Case=Com,ml_ufal-ud-test_Case=Com,apu_ufpa-ud-test_Case=Com,egy_ujaen-ud-test_Case=Com,mr_ufal-ud-train_Case=Com,olo_kkpp-ud-test_Case=Com,mdf_jr-ud-test_Case=Com,vep_vwt-ud-test_Case=Com,es_pud-ud-test_Case=Com,fi_tdt-ud-train_Case=Com,fi_tdt-ud-test_Case=Com,fi_tdt-ud-dev_Case=Com,myv_jr-ud-test_Case=Com,myv_jr-ud-train_Case=Com,kpv_ikdp-ud-test_Case=Com,kpv_lattice-ud-test_Case=Com,fi_pud-ud-test_Case=Com,et_edt-ud-dev_Case=Com,et_edt-ud-train_Case=Com,et_edt-ud-test_Case=Com,sjo_xdt-ud-test_Case=Com,wbp_ufal-ud-test_Case=Com,koi_uh-ud-test_Case=Com,sme_giella-ud-train_Case=Com,sme_giella-ud-test_Case=Com,arr_tudet-ud-test_Case=Com,ta_mwtt-ud-test_Case=Com,ta_ttb-ud-train_Case=Com,ta_ttb-ud-dev_Case=Com,ta_ttb-ud-test_Case=Com,krl_kkpp-ud-test_Case=Com,eu_bdt-ud-train_Case=Com,eu_bdt-ud-test_Case=Com,eu_bdt-ud-dev_Case=Com,fi_ftb-ud-dev_Case=Com,fi_ftb-ud-train_Case=Com,fi_ftb-ud-test_Case=Com,bxr_bdt-ud-test_Case=Com,bej_nsc-ud-test_Case=Com
0,es_gsd-ud-train_Case=Com,0.0,2.6457513110645907,4.743416490252569,4.743416490252569,4.743416490252569,4.743416490252569,5.04192301154242,2.8247723524162454,6.575373539965821,6.4031242374328485,4.743416490252569,4.743416490252569,4.743416490252569,4.743416490252569,4.743416490252569,6.284902544988268,4.743416490252569,2.142857142857143,3.9370039370059056,4.743416490252569,4.743416490252569,2.1213203435596424,4.743416490252569,14.577379737113251,3.7043517951488116,0.8408733510316171,0.7113644329286621,0.5501631580906625,4.743416490252569,4.743416490252569,3.24037034920393,11.22218784373172,3.0781580026604227,4.743416490252569,4.743416490252569,4.743416490252569,4.743416490252569,1.224744871391589,3.391164991562634,35.13644040656999,25.8961601615203,34.63379852109786,3.5901098714230026,3.5000743729826413,3.518522417151836,3.1324745320935774,4.743416490252569
1,fi_ood-ud-test_Case=Com,2.6457513110645907,0.0,6.928203230275509,2.6457513110645907,2.6457513110645907,2.6457513110645907,7.428839365673999,5.242073906668544,9.045797161167819,8.888194417315589,2.6457513110645907,2.6457513110645907,2.6457513110645907,2.6457513110645907,2.6457513110645907,8.602325267042627,2.6457513110645907,0.6144518047887592,1.7320508075688772,2.6457513110645907,2.6457513110645907,1.4142135623730951,2.6457513110645907,17.0,1.49071198499986,3.0678960258232397,2.951187792733912,2.634345511643042,2.6457513110645907,2.6457513110645907,5.744562646538029,13.654211804421374,5.466243554224812,2.6457513110645907,2.6457513110645907,2.6457513110645907,2.6457513110645907,1.7320508075688772,1.0,37.49203619140707,28.24496021908648,36.952672433803755,1.247219128924647,1.2018311725988127,1.2165525060596438,0.9262025910509113,2.6457513110645907
2,es_ancora-ud-train_Case=Com,4.743416490252569,6.928203230275509,0.0,9.219544457292887,9.219544457292887,9.219544457292887,2.6455179893734924,2.8328066274332517,3.478386630856181,3.8078865529319543,9.219544457292887,9.219544457292887,9.219544457292887,9.219544457292887,9.219544457292887,3.4641016151377544,9.219544457292887,6.526242160285954,8.366600265340756,9.219544457292887,9.219544457292887,6.324555320336759,9.219544457292887,10.908712114635714,8.096638534327413,4.2870968195290535,4.4048228309909465,4.7003193594866985,9.219544457292887,9.219544457292887,3.1622776601683795,7.693341276714559,2.898901191471319,9.219544457292887,9.219544457292887,9.219544457292887,9.219544457292887,5.830951894845301,7.615773105863909,31.16065004314113,21.960823704446465,30.64718584144391,7.961713941664125,7.867234441610785,7.879086241436884,7.451884225643652,9.219544457292887
3,es_ancora-ud-test_Case=Com,4.743416490252569,2.6457513110645907,9.219544457292887,0.0,0.0,0.0,9.727331990547098,7.497106880006976,11.28188777357483,11.022703842524301,0.0,0.0,0.0,0.0,0.0,10.908712114635714,0.0,2.9067128499108295,1.0,0.0,0.0,3.3166247903554,0.0,19.235384061671343,1.3743685418725535,5.331827029066583,5.189646676477866,4.845626776316869,0.0,0.0,7.810249675906654,15.880412463157246,7.707374917435497,0.0,0.0,0.0,0.0,3.605551275463989,2.23606797749979,39.816070178314234,30.571410028180104,39.29694644625712,1.5456030825826172,1.614826143444763,1.6370705543744901,1.959507443590762,0.0
4,es_ancora-ud-dev_Case=Com,4.743416490252569,2.6457513110645907,9.219544457292887,0.0,0.0,0.0,9.727331990547098,7.497106880006976,11.28188777357483,11.022703842524301,0.0,0.0,0.0,0.0,0.0,10.908712114635714,0.0,2.9067128499108295,1.0,0.0,0.0,3.3166247903554,0.0,19.235384061671343,1.3743685418725535,5.331827029066583,5.189646676477866,4.845626776316869,0.0,0.0,7.810249675906654,15.880412463157246,7.707374917435497,0.0,0.0,0.0,0.0,3.605551275463989,2.23606797749979,39.816070178314234,30.571410028180104,39.29694644625712,1.5456030825826172,1.614826143444763,1.6370705543744901,1.959507443590762,0.0
5,sms_giellagas-ud-test_Case=Com,4.743416490252569,2.6457513110645907,9.219544457292887,0.0,0.0,0.0,9.727331990547098,7.497106880006976,11.28188777357483,11.022703842524301,0.0,0.0,0.0,0.0,0.0,10.908712114635714,0.0,2.9067128499108295,1.0,0.0,0.0,3.3166247903554,0.0,19.235384061671343,1.3743685418725535,5.331827029066583,5.189646676477866,4.845626776316869,0.0,0.0,7.810249675906654,15.880412463157246,7.707374917435497,0.0,0.0,0.0,0.0,3.605551275463989,2.23606797749979,39.816070178314234,30.571410028180104,39.29694644625712,1.5456030825826172,1.614826143444763,1.6370705543744901,1.959507443590762,0.0
6,et_ewt-ud-train_Case=Com,5.04192301154242,7.428839365673999,2.6455179893734924,9.727331990547098,9.727331990547098,9.727331990547098,0.0,2.259955133264132,1.724148039051534,1.9801483919951521,9.727331990547098,9.727331990547098,9.727331990547098,9.727331990547098,9.727331990547098,1.5701694490612892,9.727331990547098,6.986049518939753,8.918077077791608,9.727331990547098,9.727331990547098,6.818185559295644,9.727331990547098,9.65049733254365,8.663603447259,4.417345045353659,4.554617518408784,4.899072085427041,9.727331990547098,9.727331990547098,2.280080137209823,6.331700569259844,2.2010728275867293,9.727331990547098,9.727331990547098,9.727331990547098,9.727331990547098,6.148070057513884,8.212381498477967,30.157022194744645,20.92611930425234,29.71436033093331,8.50461022397431,8.444810177163674,8.438726134046068,8.059704640617447,9.727331990547098
7,et_ewt-ud-test_Case=Com,2.8247723524162454,5.242073906668544,2.8328066274332517,7.497106880006976,7.497106880006976,7.497106880006976,2.259955133264132,0.0,3.838689514675894,3.732811848663238,7.497106880006976,7.497106880006976,7.497106880006976,7.497106880006976,7.497106880006976,3.4807617671048443,7.497106880006976,4.779529563711931,6.689698507085539,7.497106880006976,7.497106880006976,4.64437809979811,7.497106880006976,11.817832162659673,6.441229684856474,2.2021798530540133,2.3301808905946824,2.669293323689685,7.497106880006976,7.497106880006976,1.0562681853292952,8.46831112964266,0.7176361145620187,7.497106880006976,7.497106880006976,7.497106880006976,7.497106880006976,3.9112045025998103,6.024742373011233,32.35626015419902,23.11072481488276,31.885837162763156,6.293699387028931,6.2307059145877615,6.227159919349834,5.842845451935779,7.497106880006976
8,et_ewt-ud-dev_Case=Com,6.575373539965821,9.045797161167819,3.478386630856181,11.28188777357483,11.28188777357483,11.28188777357483,1.724148039051534,3.838689514675894,0.0,1.151714496301812,11.28188777357483,11.28188777357483,11.28188777357483,11.28188777357483,11.28188777357483,1.5102952478032865,11.28188777357483,8.588128163537615,10.492815330201854,11.28188777357483,11.28188777357483,8.394212882537314,11.28188777357483,8.057130715825629,10.243410388244818,6.017731880520807,6.14593757932102,6.4845930401129666,11.28188777357483,11.28188777357483,3.581402837016766,4.744886329617573,3.671669463607505,11.28188777357483,11.28188777357483,11.28188777357483,11.28188777357483,7.69350912423116,9.79374062204533,28.595832708651688,19.377774987152392,28.162420010120687,10.107162267880861,10.033338227544743,10.03435421254452,9.650589841948557,11.28188777357483
9,ml_ufal-ud-test_Case=Com,6.4031242374328485,8.888194417315589,3.8078865529319543,11.022703842524301,11.022703842524301,11.022703842524301,1.9801483919951521,3.732811848663238,1.151714496301812,0.0,11.022703842524301,11.022703842524301,11.022703842524301,11.022703842524301,11.022703842524301,1.8708286933869707,11.022703842524301,8.414637392602225,10.27131929208707,11.022703842524301,11.022703842524301,8.215838362577491,11.022703842524301,8.276472678623424,10.036046144883064,5.866871632017654,5.980976099958609,6.303821330866542,11.022703842524301,11.022703842524301,3.24037034920393,4.968651728587948,3.4708046993126787,11.022703842524301,11.022703842524301,11.022703842524301,11.022703842524301,7.44983221287567,9.617692030835672,28.88026046358385,19.67513941783161,28.464890654980568,9.91911734424434,9.851215101892596,9.847842403288144,9.475021533371374,11.022703842524301
10,apu_ufpa-ud-test_Case=Com,4.743416490252569,2.6457513110645907,9.219544457292887,0.0,0.0,0.0,9.727331990547098,7.497106880006976,11.28188777357483,11.022703842524301,0.0,0.0,0.0,0.0,0.0,10.908712114635714,0.0,2.9067128499108295,1.0,0.0,0.0,3.3166247903554,0.0,19.235384061671343,1.3743685418725535,5.331827029066583,5.189646676477866,4.845626776316869,0.0,0.0,7.810249675906654,15.880412463157246,7.707374917435497,0.0,0.0,0.0,0.0,3.605551275463989,2.23606797749979,39.816070178314234,30.571410028180104,39.29694644625712,1.5456030825826172,1.614826143444763,1.6370705543744901,1.959507443590762,0.0
11,egy_ujaen-ud-test_Case=Com,4.743416490252569,2.6457513110645907,9.219544457292887,0.0,0.0,0.0,9.727331990547098,7.497106880006976,11.28188777357483,11.022703842524301,0.0,0.0,0.0,0.0,0.0,10.908712114635714,0.0,2.9067128499108295,1.0,0.0,0.0,3.3166247903554,0.0,19.235384061671343,1.3743685418725535,5.331827029066583,5.189646676477866,4.845626776316869,0.0,0.0,7.810249675906654,15.880412463157246,7.707374917435497,0.0,0.0,0.0,0.0,3.605551275463989,2.23606797749979,39.816070178314234,30.571410028180104,39.29694644625712,1.5456030825826172,1.614826143444763,1.6370705543744901,1.959507443590762,0.0
12,mr_ufal-ud-train_Case=Com,4.743416490252569,2.6457513110645907,9.219544457292887,0.0,0.0,0.0,9.727331990547098,7.497106880006976,11.28188777357483,11.022703842524301,0.0,0.0,0.0,0.0,0.0,10.908712114635714,0.0,2.9067128499108295,1.0,0.0,0.0,3.3166247903554,0.0,19.235384061671343,1.3743685418725535,5.331827029066583,5.189646676477866,4.845626776316869,0.0,0.0,7.810249675906654,15.880412463157246,7.707374917435497,0.0,0.0,0.0,0.0,3.605551275463989,2.23606797749979,39.816070178314234,30.571410028180104,39.29694644625712,1.5456030825826172,1.614826143444763,1.6370705543744901,1.959507443590762,0.0
13,olo_kkpp-ud-test_Case=Com,4.743416490252569,2.6457513110645907,9.219544457292887,0.0,0.0,0.0,9.727331990547098,7.497106880006976,11.28188777357483,11.022703842524301,0.0,0.0,0.0,0.0,0.0,10.908712114635714,0.0,2.9067128499108295,1.0,0.0,0.0,3.3166247903554,0.0,19.235384061671343,1.3743685418725535,5.331827029066583,5.189646676477866,4.845626776316869,0.0,0.0,7.810249675906654,15.880412463157246,7.707374917435497,0.0,0.0,0.0,0.0,3.605551275463989,2.23606797749979,39.816070178314234,30.571410028180104,39.29694644625712,1.5456030825826172,1.614826143444763,1.6370705543744901,1.959507443590762,0.0
14,mdf_jr-ud-test_Case=Com,4.743416490252569,2.6457513110645907,9.219544457292887,0.0,0.0,0.0,9.727331990547098,7.497106880006976,11.28188777357483,11.022703842524301,0.0,0.0,0.0,0.0,0.0,10.908712114635714,0.0,2.9067128499108295,1.0,0.0,0.0,3.3166247903554,0.0,19.235384061671343,1.3743685418725535,5.331827029066583,5.189646676477866,4.845626776316869,0.0,0.0,7.810249675906654,15.880412463157246,7.707374917435497,0.0,0.0,0.0,0.0,3.605551275463989,2.23606797749979,39.816070178314234,30.571410028180104,39.29694644625712,1.5456030825826172,1.614826143444763,1.6370705543744901,1.959507443590762,0.0
15,vep_vwt-ud-test_Case=Com,6.284902544988268,8.602325267042627,3.4641016151377544,10.908712114635714,10.908712114635714,10.908712114635714,1.5701694490612892,3.4807617671048443,1.5102952478032865,1.8708286933869707,10.908712114635714,10.908712114635714,10.908712114635714,10.908712114635714,10.908712114635714,0.0,10.908712114635714,8.169130545997598,10.099504938362077,10.908712114635714,10.908712114635714,8.0,10.908712114635714,8.602325267042627,9.843215373488935,5.630902946462062,5.7647304507031825,6.102308036430808,10.908712114635714,10.908712114635714,3.4641016151377544,5.320949163448191,3.425924904496181,10.908712114635714,10.908712114635714,10.908712114635714,10.908712114635714,7.3484692283495345,9.38083151964686,29.00838001528371,19.73856912522058,28.578838324886476,9.681023820971737,9.628587865823276,9.616652224137047,9.228593725414525,10.908712114635714
16,es_pud-ud-test_Case=Com,4.743416490252569,2.6457513110645907,9.219544457292887,0.0,0.0,0.0,9.727331990547098,7.497106880006976,11.28188777357483,11.022703842524301,0.0,0.0,0.0,0.0,0.0,10.908712114635714,0.0,2.9067128499108295,1.0,0.0,0.0,3.3166247903554,0.0,19.235384061671343,1.3743685418725535,5.331827029066583,5.189646676477866,4.845626776316869,0.0,0.0,7.810249675906654,15.880412463157246,7.707374917435497,0.0,0.0,0.0,0.0,3.605551275463989,2.23606797749979,39.816070178314234,30.571410028180104,39.29694644625712,1.5456030825826172,1.614826143444763,1.6370705543744901,1.959507443590762,0.0
17,fi_tdt-ud-train_Case=Com,2.142857142857143,0.6144518047887592,6.526242160285954,2.9067128499108295,2.9067128499108295,2.9067128499108295,6.986049518939753,4.779529563711931,8.588128163537615,8.414637392602225,2.9067128499108295,2.9067128499108295,2.9067128499108295,2.9067128499108295,2.9067128499108295,8.169130545997598,2.9067128499108295,0.0,2.005095549659743,2.9067128499108295,2.9067128499108295,1.1428571428571428,2.9067128499108295,16.55787623175516,1.7606172902224908,2.591253672197988,2.466755409451906,2.1379390815269175,2.9067128499108295,2.9067128499108295,5.252793231671495,13.20081359582949,5.016525977189652,2.9067128499108295,2.9067128499108295,2.9067128499108295,2.9067128499108295,1.2037356818823368,1.4708043058552858,37.06727275846669,27.819795885015047,36.5271774693522,1.5674552943459799,1.4879776435557701,1.4881847592120478,1.1555960626782982,2.9067128499108295
18,fi_tdt-ud-test_Case=Com,3.9370039370059056,1.7320508075688772,8.366600265340756,1.0,1.0,1.0,8.918077077791608,6.689698507085539,10.492815330201854,10.27131929208707,1.0,1.0,1.0,1.0,1.0,10.099504938362077,1.0,2.005095549659743,0.0,1.0,1.0,2.449489742783178,1.0,18.466185312619388,0.4714045207910316,4.503425194702186,4.365978718009279,4.023652106571074,1.0,1.0,7.0710678118654755,15.105876340020794,6.9160826734854215,1.0,1.0,1.0,1.0,2.8284271247461903,1.4142135623730951,39.019048054906605,29.770417830083908,38.48701079585163,0.6236095644623235,0.6511451483079109,0.692820323027551,0.9925341137422676,1.0
19,fi_tdt-ud-dev_Case=Com,4.743416490252569,2.6457513110645907,9.219544457292887,0.0,0.0,0.0,9.727331990547098,7.497106880006976,11.28188777357483,11.022703842524301,0.0,0.0,0.0,0.0,0.0,10.908712114635714,0.0,2.9067128499108295,1.0,0.0,0.0,3.3166247903554,0.0,19.235384061671343,1.3743685418725535,5.331827029066583,5.189646676477866,4.845626776316869,0.0,0.0,7.810249675906654,15.880412463157246,7.707374917435497,0.0,0.0,0.0,0.0,3.605551275463989,2.23606797749979,39.816070178314234,30.571410028180104,39.29694644625712,1.5456030825826172,1.614826143444763,1.6370705543744901,1.959507443590762,0.0
20,myv_jr-ud-test_Case=Com,4.743416490252569,2.6457513110645907,9.219544457292887,0.0,0.0,0.0,9.727331990547098,7.497106880006976,11.28188777357483,11.022703842524301,0.0,0.0,0.0,0.0,0.0,10.908712114635714,0.0,2.9067128499108295,1.0,0.0,0.0,3.3166247903554,0.0,19.235384061671343,1.3743685418725535,5.331827029066583,5.189646676477866,4.845626776316869,0.0,0.0,7.810249675906654,15.880412463157246,7.707374917435497,0.0,0.0,0.0,0.0,3.605551275463989,2.23606797749979,39.816070178314234,30.571410028180104,39.29694644625712,1.5456030825826172,1.614826143444763,1.6370705543744901,1.959507443590762,0.0
21,myv_jr-ud-train_Case=Com,2.1213203435596424,1.4142135623730951,6.324555320336759,3.3166247903554,3.3166247903554,3.3166247903554,6.818185559295644,4.64437809979811,8.394212882537314,8.215838362577491,3.3166247903554,3.3166247903554,3.3166247903554,3.3166247903554,3.3166247903554,8.0,3.3166247903554,1.1428571428571428,2.449489742783178,3.3166247903554,3.3166247903554,0.0,3.3166247903554,16.34013463836819,2.211083193570267,2.5643557575912777,2.4455679837976247,2.1506417985526047,3.3166247903554,3.3166247903554,5.0990195135927845,12.987975207860538,4.881823383376878,3.3166247903554,3.3166247903554,3.3166247903554,3.3166247903554,1.4142135623730951,2.0,36.84634008660531,27.603341182625783,36.31459761583488,2.094967514996089,1.99374281499099,1.9183326093250876,1.6851318706521468,3.3166247903554
22,kpv_ikdp-ud-test_Case=Com,4.743416490252569,2.6457513110645907,9.219544457292887,0.0,0.0,0.0,9.727331990547098,7.497106880006976,11.28188777357483,11.022703842524301,0.0,0.0,0.0,0.0,0.0,10.908712114635714,0.0,2.9067128499108295,1.0,0.0,0.0,3.3166247903554,0.0,19.235384061671343,1.3743685418725535,5.331827029066583,5.189646676477866,4.845626776316869,0.0,0.0,7.810249675906654,15.880412463157246,7.707374917435497,0.0,0.0,0.0,0.0,3.605551275463989,2.23606797749979,39.816070178314234,30.571410028180104,39.29694644625712,1.5456030825826172,1.614826143444763,1.6370705543744901,1.959507443590762,0.0
23,kpv_lattice-ud-test_Case=Com,14.577379737113251,17.0,10.908712114635714,19.235384061671343,19.235384061671343,19.235384061671343,9.65049733254365,11.817832162659673,8.057130715825629,8.276472678623424,19.235384061671343,19.235384061671343,19.235384061671343,19.235384061671343,19.235384061671343,8.602325267042627,19.235384061671343,16.55787623175516,18.466185312619388,19.235384061671343,19.235384061671343,16.34013463836819,19.235384061671343,0.0,18.217817895919612,14.001540399764792,14.128475524248753,14.462836763320526,19.235384061671343,19.235384061671343,11.445523142259598,3.5619517121937516,11.570644692241842,19.235384061671343,19.235384061671343,19.235384061671343,19.235384061671343,15.652475842498529,17.72004514666935,20.695879890559002,11.573437019504814,20.414455662593603,18.084677369407384,18.018004323456115,18.013328398716325,17.636316775945243,19.235384061671343
24,fi_pud-ud-test_Case=Com,3.7043517951488116,1.49071198499986,8.096638534327413,1.3743685418725535,1.3743685418725535,1.3743685418725535,8.663603447259,6.441229684856474,10.243410388244818,10.036046144883064,1.3743685418725535,1.3743685418725535,1.3743685418725535,1.3743685418725535,1.3743685418725535,9.843215373488935,1.3743685418725535,1.7606172902224908,0.4714045207910316,1.3743685418725535,1.3743685418725535,2.211083193570267,1.3743685418725535,18.217817895919612,0.0,4.256823586349152,4.122010128838519,3.783546524543828,1.3743685418725535,1.3743685418725535,6.847546194724713,14.839184239333672,6.668367130070592,1.3743685418725535,1.3743685418725535,1.3743685418725535,1.3743685418725535,2.6246692913372702,1.2472191289246473,38.756182302526476,29.508002681005408,38.220486071680924,0.408248290463863,0.47375470330558234,0.5497474167490215,0.7675704338903061,1.3743685418725535
25,et_edt-ud-dev_Case=Com,0.8408733510316171,3.0678960258232397,4.2870968195290535,5.331827029066583,5.331827029066583,5.331827029066583,4.417345045353659,2.2021798530540133,6.017731880520807,5.866871632017654,5.331827029066583,5.331827029066583,5.331827029066583,5.331827029066583,5.331827029066583,5.630902946462062,5.331827029066583,2.591253672197988,4.503425194702186,5.331827029066583,5.331827029066583,2.5643557575912777,5.331827029066583,14.001540399764792,4.256823586349152,0.0,0.16139392212311307,0.4991703901474727,5.331827029066583,5.331827029066583,2.752439000503287,10.64791878959697,2.5036743829059045,5.331827029066583,5.331827029066583,5.331827029066583,5.331827029066583,1.7885388648736895,3.890153917349783,34.53857444161205,25.29376332728271,34.04526426409622,4.098220398328596,4.040350691162859,4.035520864549315,3.6569067423383204,5.331827029066583
26,et_edt-ud-train_Case=Com,0.7113644329286621,2.951187792733912,4.4048228309909465,5.189646676477866,5.189646676477866,5.189646676477866,4.554617518408784,2.3301808905946824,6.14593757932102,5.980976099958609,5.189646676477866,5.189646676477866,5.189646676477866,5.189646676477866,5.189646676477866,5.7647304507031825,5.189646676477866,2.466755409451906,4.365978718009279,5.189646676477866,5.189646676477866,2.4455679837976247,5.189646676477866,14.128475524248753,4.122010128838519,0.16139392212311307,0.0,0.34858792043956527,5.189646676477866,5.189646676477866,2.845060180759925,10.77341340091497,2.6175768248020663,5.189646676477866,5.189646676477866,5.189646676477866,5.189646676477866,1.6354843541056103,3.7668295231030116,34.671689382175465,25.426489924184835,34.17767630717627,3.9696416436245654,3.910144798826434,3.9065077452087533,3.5275332764858818,5.189646676477866
27,et_edt-ud-test_Case=Com,0.5501631580906625,2.634345511643042,4.7003193594866985,4.845626776316869,4.845626776316869,4.845626776316869,4.899072085427041,2.669293323689685,6.4845930401129666,6.303821330866542,4.845626776316869,4.845626776316869,4.845626776316869,4.845626776316869,4.845626776316869,6.102308036430808,4.845626776316869,2.1379390815269175,4.023652106571074,4.845626776316869,4.845626776316869,2.1506417985526047,4.845626776316869,14.462836763320526,3.783546524543828,0.4991703901474727,0.34858792043956527,0.0,4.845626776316869,4.845626776316869,3.1463397296014737,11.106987868027959,2.939823045449676,4.845626776316869,4.845626776316869,4.845626776316869,4.845626776316869,1.2936951891600184,3.4495584781343656,35.01013409766325,25.764542302823802,34.51262418141537,3.6349791974306083,3.5748657172529286,3.5712248938502564,3.1944053836124917,4.845626776316869
28,sjo_xdt-ud-test_Case=Com,4.743416490252569,2.6457513110645907,9.219544457292887,0.0,0.0,0.0,9.727331990547098,7.497106880006976,11.28188777357483,11.022703842524301,0.0,0.0,0.0,0.0,0.0,10.908712114635714,0.0,2.9067128499108295,1.0,0.0,0.0,3.3166247903554,0.0,19.235384061671343,1.3743685418725535,5.331827029066583,5.189646676477866,4.845626776316869,0.0,0.0,7.810249675906654,15.880412463157246,7.707374917435497,0.0,0.0,0.0,0.0,3.605551275463989,2.23606797749979,39.816070178314234,30.571410028180104,39.29694644625712,1.5456030825826172,1.614826143444763,1.6370705543744901,1.959507443590762,0.0
29,wbp_ufal-ud-test_Case=Com,4.743416490252569,2.6457513110645907,9.219544457292887,0.0,0.0,0.0,9.727331990547098,7.497106880006976,11.28188777357483,11.022703842524301,0.0,0.0,0.0,0.0,0.0,10.908712114635714,0.0,2.9067128499108295,1.0,0.0,0.0,3.3166247903554,0.0,19.235384061671343,1.3743685418725535,5.331827029066583,5.189646676477866,4.845626776316869,0.0,0.0,7.810249675906654,15.880412463157246,7.707374917435497,0.0,0.0,0.0,0.0,3.605551275463989,2.23606797749979,39.816070178314234,30.571410028180104,39.29694644625712,1.5456030825826172,1.614826143444763,1.6370705543744901,1.959507443590762,0.0
30,koi_uh-ud-test_Case=Com,3.24037034920393,5.744562646538029,3.1622776601683795,7.810249675906654,7.810249675906654,7.810249675906654,2.280080137209823,1.0562681853292952,3.581402837016766,3.24037034920393,7.810249675906654,7.810249675906654,7.810249675906654,7.810249675906654,7.810249675906654,3.4641016151377544,7.810249675906654,5.252793231671495,7.0710678118654755,7.810249675906654,7.810249675906654,5.0990195135927845,7.810249675906654,11.445523142259598,6.847546194724713,2.752439000503287,2.845060180759925,3.1463397296014737,7.810249675906654,7.810249675906654,0.0,8.104782538723663,0.8302664654363185,7.810249675906654,7.810249675906654,7.810249675906654,7.810249675906654,4.242640687119285,6.48074069840786,32.054424204953534,22.83150844289045,31.603006186120965,6.737127643802579,6.67125345472844,6.669332800213227,6.301777264725791,7.810249675906654
31,sme_giella-ud-train_Case=Com,11.22218784373172,13.654211804421374,7.693341276714559,15.880412463157246,15.880412463157246,15.880412463157246,6.331700569259844,8.46831112964266,4.744886329617573,4.968651728587948,15.880412463157246,15.880412463157246,15.880412463157246,15.880412463157246,15.880412463157246,5.320949163448191,15.880412463157246,13.20081359582949,15.105876340020794,15.880412463157246,15.880412463157246,12.987975207860538,15.880412463157246,3.5619517121937516,14.839184239333672,10.64791878959697,10.77341340091497,11.106987868027959,15.880412463157246,15.880412463157246,8.104782538723663,0.0,8.223554122374834,15.880412463157246,15.880412463157246,15.880412463157246,15.880412463157246,12.295832627357937,14.380977018269656,24.01511387531703,14.831226442131404,23.6392153000052,14.717242344346383,14.653802884703914,14.650682577955198,14.275850121593981,15.880412463157246
32,sme_giella-ud-test_Case=Com,3.0781580026604227,5.466243554224812,2.898901191471319,7.707374917435497,7.707374917435497,7.707374917435497,2.2010728275867293,0.7176361145620187,3.671669463607505,3.4708046993126787,7.707374917435497,7.707374917435497,7.707374917435497,7.707374917435497,7.707374917435497,3.425924904496181,7.707374917435497,5.016525977189652,6.9160826734854215,7.707374917435497,7.707374917435497,4.881823383376878,7.707374917435497,11.570644692241842,6.668367130070592,2.5036743829059045,2.6175768248020663,2.939823045449676,7.707374917435497,7.707374917435497,0.8302664654363185,8.223554122374834,0.0,7.707374917435497,7.707374917435497,7.707374917435497,7.707374917435497,4.120079694537766,6.189377191824371,32.12798156664195,22.895181641638665,31.64477402915068,6.540385614849456,6.4705071386492605,6.472491941087114,6.098187130942292,7.707374917435497
33,arr_tudet-ud-test_Case=Com,4.743416490252569,2.6457513110645907,9.219544457292887,0.0,0.0,0.0,9.727331990547098,7.497106880006976,11.28188777357483,11.022703842524301,0.0,0.0,0.0,0.0,0.0,10.908712114635714,0.0,2.9067128499108295,1.0,0.0,0.0,3.3166247903554,0.0,19.235384061671343,1.3743685418725535,5.331827029066583,5.189646676477866,4.845626776316869,0.0,0.0,7.810249675906654,15.880412463157246,7.707374917435497,0.0,0.0,0.0,0.0,3.605551275463989,2.23606797749979,39.816070178314234,30.571410028180104,39.29694644625712,1.5456030825826172,1.614826143444763,1.6370705543744901,1.959507443590762,0.0
34,ta_mwtt-ud-test_Case=Com,4.743416490252569,2.6457513110645907,9.219544457292887,0.0,0.0,0.0,9.727331990547098,7.497106880006976,11.28188777357483,11.022703842524301,0.0,0.0,0.0,0.0,0.0,10.908712114635714,0.0,2.9067128499108295,1.0,0.0,0.0,3.3166247903554,0.0,19.235384061671343,1.3743685418725535,5.331827029066583,5.189646676477866,4.845626776316869,0.0,0.0,7.810249675906654,15.880412463157246,7.707374917435497,0.0,0.0,0.0,0.0,3.605551275463989,2.23606797749979,39.816070178314234,30.571410028180104,39.29694644625712,1.5456030825826172,1.614826143444763,1.6370705543744901,1.959507443590762,0.0
35,ta_ttb-ud-train_Case=Com,4.743416490252569,2.6457513110645907,9.219544457292887,0.0,0.0,0.0,9.727331990547098,7.497106880006976,11.28188777357483,11.022703842524301,0.0,0.0,0.0,0.0,0.0,10.908712114635714,0.0,2.9067128499108295,1.0,0.0,0.0,3.3166247903554,0.0,19.235384061671343,1.3743685418725535,5.331827029066583,5.189646676477866,4.845626776316869,0.0,0.0,7.810249675906654,15.880412463157246,7.707374917435497,0.0,0.0,0.0,0.0,3.605551275463989,2.23606797749979,39.816070178314234,30.571410028180104,39.29694644625712,1.5456030825826172,1.614826143444763,1.6370705543744901,1.959507443590762,0.0
36,ta_ttb-ud-dev_Case=Com,4.743416490252569,2.6457513110645907,9.219544457292887,0.0,0.0,0.0,9.727331990547098,7.497106880006976,11.28188777357483,11.022703842524301,0.0,0.0,0.0,0.0,0.0,10.908712114635714,0.0,2.9067128499108295,1.0,0.0,0.0,3.3166247903554,0.0,19.235384061671343,1.3743685418725535,5.331827029066583,5.189646676477866,4.845626776316869,0.0,0.0,7.810249675906654,15.880412463157246,7.707374917435497,0.0,0.0,0.0,0.0,3.605551275463989,2.23606797749979,39.816070178314234,30.571410028180104,39.29694644625712,1.5456030825826172,1.614826143444763,1.6370705543744901,1.959507443590762,0.0
37,ta_ttb-ud-test_Case=Com,1.224744871391589,1.7320508075688772,5.830951894845301,3.605551275463989,3.605551275463989,3.605551275463989,6.148070057513884,3.9112045025998103,7.69350912423116,7.44983221287567,3.605551275463989,3.605551275463989,3.605551275463989,3.605551275463989,3.605551275463989,7.3484692283495345,3.605551275463989,1.2037356818823368,2.8284271247461903,3.605551275463989,3.605551275463989,1.4142135623730951,3.605551275463989,15.652475842498529,2.6246692913372702,1.7885388648736895,1.6354843541056103,1.2936951891600184,3.605551275463989,3.605551275463989,4.242640687119285,12.295832627357937,4.120079694537766,3.605551275463989,3.605551275463989,3.605551275463989,3.605551275463989,0.0,2.449489742783178,36.22825018008889,26.986622200226872,35.7246413557925,2.5276251480171834,2.461024799832261,2.4657656011875906,2.115663739314743,3.605551275463989
38,krl_kkpp-ud-test_Case=Com,3.391164991562634,1.0,7.615773105863909,2.23606797749979,2.23606797749979,2.23606797749979,8.212381498477967,6.024742373011233,9.79374062204533,9.617692030835672,2.23606797749979,2.23606797749979,2.23606797749979,2.23606797749979,2.23606797749979,9.38083151964686,2.23606797749979,1.4708043058552858,1.4142135623730951,2.23606797749979,2.23606797749979,2.0,2.23606797749979,17.72004514666935,1.2472191289246473,3.890153917349783,3.7668295231030116,3.4495584781343656,2.23606797749979,2.23606797749979,6.48074069840786,14.380977018269656,6.189377191824371,2.23606797749979,2.23606797749979,2.23606797749979,2.23606797749979,2.449489742783178,0.0,38.19667670244508,28.953027091787444,37.62645346029838,1.1785113019775793,1.0378107865380506,1.131370849898476,1.0632866557973415,2.23606797749979
39,eu_bdt-ud-train_Case=Com,35.13644040656999,37.49203619140707,31.16065004314113,39.816070178314234,39.816070178314234,39.816070178314234,30.157022194744645,32.35626015419902,28.595832708651688,28.88026046358385,39.816070178314234,39.816070178314234,39.816070178314234,39.816070178314234,39.816070178314234,29.00838001528371,39.816070178314234,37.06727275846669,39.019048054906605,39.816070178314234,39.816070178314234,36.84634008660531,39.816070178314234,20.695879890559002,38.756182302526476,34.53857444161205,34.671689382175465,35.01013409766325,39.816070178314234,39.816070178314234,32.054424204953534,24.01511387531703,32.12798156664195,39.816070178314234,39.816070178314234,39.816070178314234,39.816070178314234,36.22825018008889,38.19667670244508,0.0,9.320675941153624,2.9697549468675764,38.61113109511873,38.53514915194821,38.529202489078905,38.15484827907543,39.816070178314234
40,eu_bdt-ud-test_Case=Com,25.8961601615203,28.24496021908648,21.960823704446465,30.571410028180104,30.571410028180104,30.571410028180104,20.92611930425234,23.11072481488276,19.377774987152392,19.67513941783161,30.571410028180104,30.571410028180104,30.571410028180104,30.571410028180104,30.571410028180104,19.73856912522058,30.571410028180104,27.819795885015047,29.770417830083908,30.571410028180104,30.571410028180104,27.603341182625783,30.571410028180104,11.573437019504814,29.508002681005408,25.29376332728271,25.426489924184835,25.764542302823802,30.571410028180104,30.571410028180104,22.83150844289045,14.831226442131404,22.895181641638665,30.571410028180104,30.571410028180104,30.571410028180104,30.571410028180104,26.986622200226872,28.953027091787444,9.320675941153624,0.0,9.12566588133588,29.361728680564962,29.285732852949465,29.27953399750602,28.901020091871857,30.571410028180104
41,eu_bdt-ud-dev_Case=Com,34.63379852109786,36.952672433803755,30.64718584144391,39.29694644625712,39.29694644625712,39.29694644625712,29.71436033093331,31.885837162763156,28.162420010120687,28.464890654980568,39.29694644625712,39.29694644625712,39.29694644625712,39.29694644625712,39.29694644625712,28.578838324886476,39.29694644625712,36.5271774693522,38.48701079585163,39.29694644625712,39.29694644625712,36.31459761583488,39.29694644625712,20.414455662593603,38.220486071680924,34.04526426409622,34.17767630717627,34.51262418141537,39.29694644625712,39.29694644625712,31.603006186120965,23.6392153000052,31.64477402915068,39.29694644625712,39.29694644625712,39.29694644625712,39.29694644625712,35.7246413557925,37.62645346029838,2.9697549468675764,9.12566588133588,0.0,38.08068918610703,37.9852349161726,37.981969406548686,37.61695261404015,39.29694644625712
42,fi_ftb-ud-dev_Case=Com,3.5901098714230026,1.247219128924647,7.961713941664125,1.5456030825826172,1.5456030825826172,1.5456030825826172,8.50461022397431,6.293699387028931,10.107162267880861,9.91911734424434,1.5456030825826172,1.5456030825826172,1.5456030825826172,1.5456030825826172,1.5456030825826172,9.681023820971737,1.5456030825826172,1.5674552943459799,0.6236095644623235,1.5456030825826172,1.5456030825826172,2.094967514996089,1.5456030825826172,18.084677369407384,0.408248290463863,4.098220398328596,3.9696416436245654,3.6349791974306083,1.5456030825826172,1.5456030825826172,6.737127643802579,14.717242344346383,6.540385614849456,1.5456030825826172,1.5456030825826172,1.5456030825826172,1.5456030825826172,2.5276251480171834,1.1785113019775793,38.61113109511873,29.361728680564962,38.08068918610703,0.0,0.35468868479533905,0.36817870057290875,0.5914139257648685,1.5456030825826172
43,fi_ftb-ud-train_Case=Com,3.5000743729826413,1.2018311725988127,7.867234441610785,1.614826143444763,1.614826143444763,1.614826143444763,8.444810177163674,6.2307059145877615,10.033338227544743,9.851215101892596,1.614826143444763,1.614826143444763,1.614826143444763,1.614826143444763,1.614826143444763,9.628587865823276,1.614826143444763,1.4879776435557701,0.6511451483079109,1.614826143444763,1.614826143444763,1.99374281499099,1.614826143444763,18.018004323456115,0.47375470330558234,4.040350691162859,3.910144798826434,3.5748657172529286,1.614826143444763,1.614826143444763,6.67125345472844,14.653802884703914,6.4705071386492605,1.614826143444763,1.614826143444763,1.614826143444763,1.614826143444763,2.461024799832261,1.0378107865380506,38.53514915194821,29.285732852949465,37.9852349161726,0.35468868479533905,0.0,0.23454298609891663,0.48409284445576833,1.614826143444763
44,fi_ftb-ud-test_Case=Com,3.518522417151836,1.2165525060596438,7.879086241436884,1.6370705543744901,1.6370705543744901,1.6370705543744901,8.438726134046068,6.227159919349834,10.03435421254452,9.847842403288144,1.6370705543744901,1.6370705543744901,1.6370705543744901,1.6370705543744901,1.6370705543744901,9.616652224137047,1.6370705543744901,1.4881847592120478,0.692820323027551,1.6370705543744901,1.6370705543744901,1.9183326093250876,1.6370705543744901,18.013328398716325,0.5497474167490215,4.035520864549315,3.9065077452087533,3.5712248938502564,1.6370705543744901,1.6370705543744901,6.669332800213227,14.650682577955198,6.472491941087114,1.6370705543744901,1.6370705543744901,1.6370705543744901,1.6370705543744901,2.4657656011875906,1.131370849898476,38.529202489078905,29.27953399750602,37.981969406548686,0.36817870057290875,0.23454298609891663,0.0,0.5219163670693572,1.6370705543744901
45,bxr_bdt-ud-test_Case=Com,3.1324745320935774,0.9262025910509113,7.451884225643652,1.959507443590762,1.959507443590762,1.959507443590762,8.059704640617447,5.842845451935779,9.650589841948557,9.475021533371374,1.959507443590762,1.959507443590762,1.959507443590762,1.959507443590762,1.959507443590762,9.228593725414525,1.959507443590762,1.1555960626782982,0.9925341137422676,1.959507443590762,1.959507443590762,1.6851318706521468,1.959507443590762,17.636316775945243,0.7675704338903061,3.6569067423383204,3.5275332764858818,3.1944053836124917,1.959507443590762,1.959507443590762,6.301777264725791,14.275850121593981,6.098187130942292,1.959507443590762,1.959507443590762,1.959507443590762,1.959507443590762,2.115663739314743,1.0632866557973415,38.15484827907543,28.901020091871857,37.61695261404015,0.5914139257648685,0.48409284445576833,0.5219163670693572,0.0,1.959507443590762
46,bej_nsc-ud-test_Case=Com,4.743416490252569,2.6457513110645907,9.219544457292887,0.0,0.0,0.0,9.727331990547098,7.497106880006976,11.28188777357483,11.022703842524301,0.0,0.0,0.0,0.0,0.0,10.908712114635714,0.0,2.9067128499108295,1.0,0.0,0.0,3.3166247903554,0.0,19.235384061671343,1.3743685418725535,5.331827029066583,5.189646676477866,4.845626776316869,0.0,0.0,7.810249675906654,15.880412463157246,7.707374917435497,0.0,0.0,0.0,0.0,3.605551275463989,2.23606797749979,39.816070178314234,30.571410028180104,39.29694644625712,1.5456030825826172,1.614826143444763,1.6370705543744901,1.959507443590762,0.0
