,el_gud-ud-train_Case=Voc,el_gud-ud-test_Case=Voc,fa_seraji-ud-dev_Case=Voc,fa_seraji-ud-test_Case=Voc,fa_seraji-ud-train_Case=Voc,sga_dipsgg-ud-test_Case=Voc,pl_pdb-ud-test_Case=Voc,pl_pdb-ud-train_Case=Voc,pl_pdb-ud-dev_Case=Voc,uk_iu-ud-dev_Case=Voc,uk_iu-ud-train_Case=Voc,uk_iu-ud-test_Case=Voc,sa_vedic-ud-test_Case=Voc,sa_vedic-ud-train_Case=Voc,sa_vedic-ud-dev_Case=Voc,kmr_mg-ud-test_Case=Voc,hr_set-ud-dev_Case=Voc,hr_set-ud-train_Case=Voc,hr_set-ud-test_Case=Voc,orv_rnc-ud-dev_Case=Voc,orv_rnc-ud-train_Case=Voc,orv_rnc-ud-test_Case=Voc,cpg_tuecl-ud-test_Case=Voc,la_circse-ud-test_Case=Voc,grc_perseus-ud-dev_Case=Voc,grc_perseus-ud-train_Case=Voc,grc_perseus-ud-test_Case=Voc,qpm_philotis-ud-train_Case=Voc,qpm_philotis-ud-dev_Case=Voc,qpm_philotis-ud-test_Case=Voc,la_perseus-ud-test_Case=Voc,la_perseus-ud-train_Case=Voc,sk_snk-ud-train_Case=Voc,lt_hse-ud-train_Case=Voc,ess_sli-ud-test_Case=Voc,hit_hittb-ud-test_Case=Voc,sa_ufal-ud-test_Case=Voc,be_hse-ud-train_Case=Voc,be_hse-ud-dev_Case=Voc,be_hse-ud-test_Case=Voc,cs_pud-ud-test_Case=Voc,orv_ruthenian-ud-test_Case=Voc,orv_ruthenian-ud-train_Case=Voc,orv_ruthenian-ud-dev_Case=Voc,ml_ufal-ud-test_Case=Voc,egy_ujaen-ud-test_Case=Voc,ro_nonstandard-ud-test_Case=Voc,ro_nonstandard-ud-dev_Case=Voc,ro_nonstandard-ud-train_Case=Voc,ro_simonero-ud-train_Case=Voc,mr_ufal-ud-dev_Case=Voc,mr_ufal-ud-test_Case=Voc,ro_tuecl-ud-test_Case=Voc,lt_alksnis-ud-test_Case=Voc,lt_alksnis-ud-dev_Case=Voc,lt_alksnis-ud-train_Case=Voc,vi_tuecl-ud-test_Case=Voc,cu_proiel-ud-train_Case=Voc,cu_proiel-ud-test_Case=Voc,cu_proiel-ud-dev_Case=Voc,la_llct-ud-dev_Case=Voc,la_llct-ud-train_Case=Voc,sr_set-ud-train_Case=Voc,la_proiel-ud-test_Case=Voc,la_proiel-ud-dev_Case=Voc,la_proiel-ud-train_Case=Voc,grc_proiel-ud-test_Case=Voc,grc_proiel-ud-train_Case=Voc,grc_proiel-ud-dev_Case=Voc,ru_taiga-ud-train_Case=Voc,ru_taiga-ud-dev_Case=Voc,ru_taiga-ud-test_Case=Voc,tpn_tudet-ud-test_Case=Voc,ga_idt-ud-train_Case=Voc,ga_idt-ud-test_Case=Voc,ga_idt-ud-dev_Case=Voc,ro_art-ud-test_Case=Voc,ru_syntagrus-ud-train_Case=Voc,ru_syntagrus-ud-dev_Case=Voc,ru_syntagrus-ud-test_Case=Voc,grc_ptnk-ud-train_Case=Voc,grc_ptnk-ud-dev_Case=Voc,grc_ptnk-ud-test_Case=Voc,orv_birchbark-ud-train_Case=Voc,orv_birchbark-ud-dev_Case=Voc,orv_birchbark-ud-test_Case=Voc,ltg_cairo-ud-test_Case=Voc,ru_poetry-ud-test_Case=Voc,ru_poetry-ud-dev_Case=Voc,ru_poetry-ud-train_Case=Voc,cs_fictree-ud-dev_Case=Voc,cs_fictree-ud-train_Case=Voc,cs_fictree-ud-test_Case=Voc,la_udante-ud-train_Case=Voc,la_udante-ud-test_Case=Voc,la_udante-ud-dev_Case=Voc,ro_rrt-ud-test_Case=Voc,ro_rrt-ud-train_Case=Voc,el_gdt-ud-test_Case=Voc,el_gdt-ud-train_Case=Voc,el_gdt-ud-dev_Case=Voc,gd_arcosg-ud-test_Case=Voc,gd_arcosg-ud-train_Case=Voc,gd_arcosg-ud-dev_Case=Voc,got_proiel-ud-dev_Case=Voc,got_proiel-ud-train_Case=Voc,got_proiel-ud-test_Case=Voc,cs_pdt-ud-test_Case=Voc,cs_pdt-ud-dev_Case=Voc,cs_pdt-ud-train_Case=Voc,lv_lvtb-ud-test_Case=Voc,lv_lvtb-ud-train_Case=Voc,lv_lvtb-ud-dev_Case=Voc,la_ittb-ud-dev_Case=Voc,la_ittb-ud-test_Case=Voc,la_ittb-ud-train_Case=Voc,ga_cadhan-ud-test_Case=Voc,pl_pud-ud-test_Case=Voc,orv_torot-ud-test_Case=Voc,orv_torot-ud-dev_Case=Voc,orv_torot-ud-train_Case=Voc,cs_cac-ud-dev_Case=Voc,cs_cac-ud-train_Case=Voc,cs_cac-ud-test_Case=Voc,pl_lfg-ud-test_Case=Voc,pl_lfg-ud-train_Case=Voc,pl_lfg-ud-dev_Case=Voc,cs_poetry-ud-test_Case=Voc,ru_gsd-ud-train_Case=Voc,lv_cairo-ud-test_Case=Voc,bg_btb-ud-train_Case=Voc,bg_btb-ud-test_Case=Voc,bg_btb-ud-dev_Case=Voc,bej_nsc-ud-test_Case=Voc
0,1.0,0.9842262683200382,0.6172133998483676,0.6172133998483678,0.6780471763969294,0.8933675281165308,0.9040771280452744,0.91956670362608,0.9224793414415805,0.857463151135695,0.9269109269005232,0.9175063864265631,0.9146247912013299,0.9194996073095991,0.9178528268455776,0.6172133998483676,0.6172133998483676,0.917803021655556,0.8679563435367672,0.8889199702011378,0.8812127238623134,0.8933802161069433,0.9333408726558331,0.9278026193070112,0.9727988106879948,0.9568321957965906,0.9710818719176458,0.920544685949382,0.9051869926152889,0.9219970135177424,0.8947709004152642,0.9197082025276118,0.9217536498114702,0.867956343536767,0.6172133998483676,0.867956343536767,0.8797210562116429,0.9080050377803276,0.867956343536767,0.867956343536767,0.867956343536767,0.9103633749604088,0.8764329823584589,0.867956343536767,0.6268573592209984,0.8886660520194095,0.8975654349904869,0.8901758431567619,0.9097299921087276,0.8112169356384682,0.867956343536767,0.867956343536767,0.9728565310116251,0.6896989054484339,0.7126966450997984,0.6172133998483676,0.867956343536767,0.9075637392415411,0.9154349708558663,0.9170631887401843,0.6172133998483676,0.8406027804113732,0.9910937720919073,0.9128861260592315,0.9063440469608846,0.9143932896929093,0.9385937832453103,0.9075700562200154,0.9183971195736523,0.8824110067871915,0.8510794146346631,0.867956343536767,0.6172133998483678,0.8791746881205491,0.882230385016685,0.8823464149192115,0.867956343536767,0.8920260432620222,0.8930431353897004,0.8679563435367672,0.8911802362917685,0.8971179931924131,0.9037339361472883,0.8887511480906387,0.8899243693359425,0.888231637680662,0.867956343536767,0.8819171036881969,0.867956343536767,0.8992992114978169,0.9361765972391577,0.9393842215899164,0.960274133803053,0.9060363451209232,0.9197982859200144,0.9159783391183387,0.9768798378956722,0.9740380603888538,0.9945432208990083,0.9943629747777519,0.9820335649231757,0.8988832426475598,0.8850831331454861,0.8739280266715361,0.9009622443685112,0.8959649526417796,0.9039638333427625,0.9556848755469588,0.9811044728798769,0.9642139693870084,0.8902248136496395,0.923743689706967,0.8756739883235036,0.9245442916561075,0.8630310936755372,0.921858315064794,0.8790268272031874,0.867956343536767,0.9048195378828608,0.9132473823102917,0.9102463171942351,0.867956343536767,0.9527240228899209,0.9148781851784384,0.8991585174757668,0.9010177707569974,0.9002328319373868,0.921438847623351,0.8728715609439696,0.867956343536767,0.7782620465219433,0.857463151135695,0.6172133998483676,0.8679563435367672
1,0.9842262683200382,1.0,0.5919163484003881,0.5919163484003882,0.6527909236536635,0.9439663294940223,0.9592078863371631,0.9649145714502587,0.9668532112374533,0.8828362463073198,0.961760796815728,0.9390624912941083,0.9535392673267707,0.9580943001859163,0.9587120664034501,0.5919163484003881,0.5919163484003881,0.9392752643588469,0.9372008849672813,0.9501788480292217,0.9456185272070137,0.9523760739924696,0.9723385212805518,0.952993779286212,0.991004955859606,0.9914057177744622,0.9950112599687428,0.9693428565945286,0.9617866396762234,0.9678028546529932,0.9515826172462453,0.9695382995947973,0.9732067578141113,0.9372008849672812,0.5919163484003881,0.9372008849672812,0.9443941936591758,0.9580272035800889,0.9372008849672812,0.9372008849672812,0.9372008849672812,0.9420832693905409,0.8948412269448944,0.9372008849672812,0.6165795295837376,0.9476819965939342,0.9566401109109566,0.9508978550361249,0.9600073810140138,0.7487215380939962,0.9372008849672812,0.9372008849672812,0.9963611234667511,0.6557387927368136,0.6834861261734088,0.5919163484003881,0.9372008849672812,0.9592361244390427,0.9603581005770868,0.9633120737176378,0.5919163484003881,0.8038587839707023,0.9825113063742753,0.9616058849574096,0.9600331869059976,0.9617839890246281,0.9735207047404619,0.9604324477686818,0.969110682965883,0.945733927083098,0.8385481602338831,0.9372008849672812,0.5919163484003882,0.944969528467376,0.9473860795928085,0.9440231778833568,0.9372008849672812,0.949297544667029,0.9415024341482744,0.9372008849672813,0.9489472622980031,0.9068541383397025,0.9589932162690418,0.9504713763725552,0.9509860706444967,0.9500784959246745,0.9372008849672812,0.8759770353287567,0.9372008849672812,0.918703499079769,0.9792560810760726,0.9760648503934427,0.9890222958490299,0.952080718085427,0.9533332152007622,0.9344842371052631,0.997433271820449,0.9804981415931057,0.9909412615340414,0.9743404303471953,0.9398260569041974,0.9558001165173251,0.9478820463626833,0.9416731299337545,0.9567275586679502,0.9548363144881026,0.955648591951654,0.9666633106746007,0.9625326892629302,0.9644811327142035,0.9510903101263918,0.95513015211464,0.8830245899147172,0.9516826525630022,0.8970755406025992,0.9569000795911238,0.9440231778833568,0.9372008849672812,0.9600397013079265,0.9622533754417733,0.9605238139795177,0.9372008849672812,0.974655236577878,0.930154292808962,0.9380893542288538,0.9455926283459166,0.942317958854145,0.9450928057616742,0.837096127698187,0.9372008849672812,0.7483100987405682,0.8828362463073198,0.5919163484003881,0.9372008849672813
2,0.6172133998483676,0.5919163484003881,0.9999999999999998,1.0,0.9863939238321437,0.5547001962252291,0.5537429906867878,0.5833798447721819,0.5880343683463211,0.5773502691896258,0.6079901521405005,0.6092076990801714,0.588696052319825,0.5924885709733364,0.5859787979696082,0.4999999999999999,0.4999999999999999,0.6236480624445475,0.5,0.5274886489860803,0.517378535558163,0.534717814539874,0.5846883487091897,0.60847436607317,0.5989120571285178,0.5629201807807012,0.5806132091263762,0.554682781026687,0.5404221264588962,0.5765566601970551,0.5399302750114455,0.5520805679948699,0.5466081666101212,0.4999999999999999,0.4999999999999999,0.4999999999999999,0.517454889668201,0.5573704017131537,0.4999999999999999,0.4999999999999999,0.4999999999999999,0.6037034299432968,0.604707897906952,0.4999999999999999,0.4999999999999999,0.5256245893559499,0.5357484544349068,0.5327506387964431,0.55891326284554,0.6324555320336758,0.4999999999999999,0.4999999999999999,0.5976143046671968,0.5539117094069973,0.5773502691896257,0.4999999999999999,0.4999999999999999,0.5571301339683719,0.5708250433034544,0.5733443323681743,0.4999999999999999,0.6635479476500353,0.5773502691896258,0.5671968514671163,0.5556532766258007,0.5699300278146271,0.5900244127651276,0.5509744304100375,0.560318475184199,0.5220368976638744,0.6249999999999999,0.4999999999999999,0.5,0.5155927941576872,0.5202659817144719,0.5163212931161356,0.4999999999999999,0.5298798792491216,0.5669467095138409,0.5,0.5287436926083546,0.6285393610547089,0.5426488617097117,0.5297752441841105,0.5295542407921991,0.5291502622129182,0.4999999999999999,0.6123724356957945,0.4999999999999999,0.6249999999999999,0.5661385170722978,0.5887057924819301,0.593724835194352,0.5732188070382308,0.6118433881363903,0.6371611557621738,0.5669467095138409,0.6303732915155914,0.6026845771641826,0.617945108338697,0.6086445426287076,0.5503202240453177,0.5235163628643408,0.5079919821419582,0.5502373586020064,0.537826674943894,0.5482444918837901,0.6196773353931866,0.6395329804552884,0.6282301973899589,0.5335783750799326,0.6024194540660509,0.6274814499467278,0.6002450479987809,0.5773502691896258,0.5986459415637805,0.5163212931161356,0.4999999999999999,0.554716455607166,0.5653993360323336,0.5594611590653201,0.4999999999999999,0.6043864813742317,0.6137949055234261,0.5815425174522866,0.5719636159736493,0.576214869331317,0.6281965237751809,0.7071067811865475,0.4999999999999999,0.5860852625338309,0.5773502691896258,0.4999999999999999,0.5
3,0.6172133998483678,0.5919163484003882,1.0,1.0000000000000002,0.9863939238321439,0.5547001962252291,0.5537429906867879,0.583379844772182,0.5880343683463212,0.5773502691896258,0.6079901521405006,0.6092076990801715,0.5886960523198251,0.5924885709733365,0.5859787979696083,0.5,0.5,0.6236480624445476,0.5000000000000001,0.5274886489860804,0.5173785355581632,0.5347178145398741,0.5846883487091897,0.6084743660731701,0.5989120571285179,0.5629201807807012,0.5806132091263763,0.5546827810266871,0.5404221264588962,0.5765566601970552,0.5399302750114456,0.55208056799487,0.5466081666101213,0.5,0.5,0.5,0.517454889668201,0.5573704017131538,0.5,0.5,0.5,0.603703429943297,0.6047078979069521,0.5,0.5,0.52562458935595,0.5357484544349069,0.5327506387964432,0.5589132628455401,0.6324555320336759,0.5,0.5,0.5976143046671969,0.5539117094069974,0.5773502691896258,0.5,0.5,0.5571301339683719,0.5708250433034545,0.5733443323681744,0.5,0.6635479476500354,0.5773502691896258,0.5671968514671164,0.5556532766258008,0.5699300278146272,0.5900244127651277,0.5509744304100375,0.5603184751841991,0.5220368976638745,0.625,0.5,0.5000000000000001,0.5155927941576873,0.520265981714472,0.5163212931161357,0.5,0.5298798792491217,0.5669467095138409,0.5000000000000001,0.5287436926083547,0.6285393610547089,0.5426488617097118,0.5297752441841106,0.5295542407921993,0.5291502622129182,0.5,0.6123724356957946,0.5,0.625,0.5661385170722979,0.5887057924819302,0.5937248351943522,0.5732188070382308,0.6118433881363904,0.6371611557621739,0.5669467095138409,0.6303732915155915,0.6026845771641826,0.6179451083386971,0.6086445426287076,0.5503202240453178,0.5235163628643409,0.5079919821419583,0.5502373586020065,0.5378266749438941,0.5482444918837902,0.6196773353931867,0.6395329804552885,0.628230197389959,0.5335783750799326,0.602419454066051,0.6274814499467279,0.600245047998781,0.5773502691896258,0.5986459415637805,0.5163212931161357,0.5,0.5547164556071661,0.5653993360323337,0.5594611590653202,0.5,0.6043864813742317,0.6137949055234262,0.5815425174522867,0.5719636159736494,0.5762148693313172,0.6281965237751809,0.7071067811865476,0.5,0.586085262533831,0.5773502691896258,0.5,0.5000000000000001
4,0.6780471763969294,0.6527909236536635,0.9863939238321437,0.9863939238321439,1.0000000000000002,0.6155470159931969,0.6068985793089855,0.639380371299355,0.6444816977125376,0.6327719971683328,0.6765334966377708,0.692725807446232,0.6472161937210761,0.6502216069102221,0.6433489729803185,0.5479966243511909,0.5479966243511909,0.6846532561155549,0.547996624351191,0.5845475980342832,0.5685583833975495,0.5860471146965943,0.645391729085789,0.6679790443368864,0.6564035711793108,0.6169567176939729,0.6363481573099325,0.6105339913903252,0.5958527960606252,0.6386042001756576,0.5917599361825648,0.6050765752621539,0.607637129722998,0.5479966243511909,0.5479966243511909,0.5479966243511909,0.5671270655843842,0.6179227457345836,0.5479966243511909,0.5479966243511909,0.5479966243511909,0.6616548834363248,0.6627557735430287,0.5479966243511909,0.6301961180038695,0.5760810012860831,0.5889382191305839,0.583891103362783,0.6126558324880272,0.6931669932133818,0.5479966243511909,0.5479966243511909,0.6549812432432162,0.630692296427325,0.6538643970739437,0.5753964555687504,0.5479966243511909,0.6110415471229188,0.6262143370625248,0.633265311634423,0.5479966243511909,0.7279713148855752,0.6327719971683328,0.6216439198932072,0.613930014718542,0.625541831122802,0.6482794298925678,0.6043518986740026,0.6180250867714256,0.5721489154131426,0.7329454850697179,0.5479966243511909,0.547996624351191,0.5677350631395929,0.5773356035321855,0.5658846514165683,0.5479966243511909,0.5807447702802708,0.6524382543012601,0.547996624351191,0.5794995173927243,0.6888748962596698,0.5947394888498766,0.580630090955441,0.5834247860175064,0.5799451149344534,0.5479966243511909,0.7047138579747256,0.5479966243511909,0.7123956116565482,0.6297912524297409,0.6529381262000874,0.6649528761996931,0.6298687113600563,0.6883267697311046,0.7122908115517643,0.6213697660012001,0.6985613702374245,0.6605382276689938,0.677263666807874,0.6670703095806126,0.6174323166296359,0.574917940083113,0.5594497624168298,0.6030564302116306,0.5922392286698209,0.6021977152614524,0.6834069395645943,0.7034881843730993,0.6901373016098258,0.5887855578553379,0.674395818569296,0.7301919742669469,0.6719616170345661,0.6802298969559577,0.6649782874834298,0.5658846514165683,0.5479966243511909,0.6102172143276781,0.6217984511869177,0.616108848382385,0.5479966243511909,0.6646616969540317,0.6839269904172847,0.6373666729610933,0.6268682616105216,0.6315276065890488,0.7057116276388011,0.7749842582921286,0.5479966243511909,0.6423454909010419,0.6327719971683328,0.5479966243511909,0.547996624351191
5,0.8933675281165308,0.9439663294940223,0.5547001962252291,0.5547001962252291,0.6155470159931969,1.0000000000000002,0.9802060587283896,0.9776878689445568,0.9785483385266489,0.8807048459279794,0.9649161788783411,0.9293009831096515,0.961570564684221,0.9669673877703316,0.9689858702038184,0.5547001962252291,0.5547001962252291,0.9397974254332724,0.9707253433941511,0.9753268569971992,0.9759849919861825,0.978005009495893,0.9729802252787783,0.9522029826644511,0.9513476383401456,0.9656051677501835,0.9598212333766498,0.9779912723416093,0.9772575662673294,0.9788310711264604,0.9753967906584674,0.977448403560842,0.9745831841044726,0.970725343394151,0.5547001962252291,0.970725343394151,0.9738596871243664,0.9750855630167129,0.970725343394151,0.970725343394151,0.970725343394151,0.9437369765993737,0.8864977725881064,0.970725343394151,0.5547001962252291,0.9752315205891531,0.977721452519916,0.976847477268358,0.9746006809685958,0.7016464154456235,0.970725343394151,0.970725343394151,0.9613406389911041,0.7339978976488378,0.7472647177570733,0.6933752452815365,0.970725343394151,0.9788291117698581,0.9759626825281738,0.9771724803412687,0.5547001962252291,0.7508631606032984,0.8807048459279794,0.978830859399996,0.9788098739286211,0.9778528968757914,0.9818599726154758,0.9783722049289503,0.9787169719942099,0.9740215340114144,0.8320502943378436,0.970725343394151,0.5547001962252291,0.9741855383119556,0.9739967922438607,0.9737719768630673,0.970725343394151,0.975829250344358,0.9434563530497266,0.9707253433941511,0.9757673422574662,0.8934179489628384,0.975679256094717,0.9772767386581362,0.9768690535568588,0.977001467824828,0.970725343394151,0.849207775608447,0.970725343394151,0.9360565811300741,0.973515154183058,0.9698969099701524,0.9571422900158502,0.9648580502579538,0.9482946031924899,0.9189268871337664,0.9434563530497266,0.9363337047580107,0.9193504463409512,0.8876671686612886,0.8293591942763949,0.9720208181058585,0.975725954138773,0.9726067091201176,0.978328756361853,0.9772153216113455,0.977181249987848,0.9452716337320514,0.8782202580422438,0.9238756551027445,0.9753755512946531,0.9547491125152399,0.8496858506850213,0.9513029883089882,0.8807048459279794,0.9647951293215704,0.9737719768630673,0.970725343394151,0.9800857075044682,0.9794127001386442,0.9789150924936121,0.970725343394151,0.9505192989049256,0.9079257454290413,0.9459491815414741,0.9580259376901634,0.9527328397755066,0.9333769687663384,0.7844645405527362,0.970725343394151,0.6877149445104886,0.8807048459279794,0.5547001962252291,0.9707253433941511
6,0.9040771280452744,0.9592078863371631,0.5537429906867878,0.5537429906867879,0.6068985793089855,0.9802060587283896,1.0,0.995407553039092,0.9960138416026364,0.893289651465121,0.9778291370293115,0.9425802016946097,0.9780252896348143,0.9827974651894608,0.9860402597260661,0.5537429906867878,0.5537429906867878,0.9466399196886706,0.9934800715262959,0.9965530728521972,0.9967495405938691,0.9989129174766888,0.9903463465508944,0.9668353065490405,0.9665541590996437,0.9839690514952597,0.9767028195444994,0.9975977549716175,0.9977512582383176,0.9919385326935928,0.9958164673971976,0.9971934690069245,0.9945214487125347,0.9934800715262957,0.5537429906867878,0.9934800715262957,0.9956559412199881,0.9943513423232394,0.9934800715262957,0.9934800715262957,0.9934800715262957,0.9581975771795972,0.8976305075745742,0.9934800715262957,0.5537429906867878,0.9965737390777925,0.998546056467292,0.9978175641766324,0.9935442921128814,0.7004356355694624,0.9934800715262957,0.9934800715262957,0.97720126844998,0.6134494530869233,0.6394073294697709,0.5537429906867878,0.9934800715262957,0.9983239123990659,0.9944019352528508,0.9955165649847002,0.5537429906867878,0.7465415154914885,0.893289651465121,0.9976699509020389,0.9983997897645451,0.9964581918929454,0.9907360625669519,0.9982419844209851,0.9979976726369048,0.9955285122301749,0.8021130085683618,0.9934800715262957,0.5537429906867879,0.9961216732608453,0.9956177287762472,0.9956370813364467,0.9934800715262957,0.996928321162341,0.9602955210166968,0.9934800715262959,0.9969369028186597,0.9033925789767899,0.9959379266593272,0.9984651276724428,0.9980486035287739,0.9982148826158177,0.9934800715262957,0.8577157994189827,0.9934800715262957,0.9120472787782388,0.9921202161505256,0.9868255720517405,0.9730170130068394,0.9825084342811417,0.9624846844360406,0.9297937572097412,0.9602955210166968,0.9445282598749545,0.932487477028564,0.8980042005974823,0.8369787786974443,0.9915712105259736,0.997233696574136,0.9949480207762271,0.998244076894817,0.9978756896814762,0.9971609945560604,0.9587790644510903,0.8866124815553165,0.9356064054190013,0.9962078198267547,0.9699210113385146,0.8572368276706226,0.9664201248422495,0.893289651465121,0.9760422590930912,0.9956370813364467,0.9934800715262957,0.9998093716164789,0.9984020558268174,0.998262936207236,0.9934800715262957,0.9653219691786622,0.9196878132959644,0.961979569823869,0.975368686896946,0.9694969483352268,0.9456514534195806,0.7831108474982938,0.9934800715262957,0.6887309694488978,0.893289651465121,0.5537429906867878,0.9934800715262959
7,0.91956670362608,0.9649145714502587,0.5833798447721819,0.583379844772182,0.639380371299355,0.9776878689445568,0.995407553039092,1.0000000000000002,0.9990545868673756,0.9244483371075268,0.9892097332216421,0.9570580671136045,0.9825689829684308,0.9878942201125209,0.9894146359395272,0.5833798447721819,0.5833798447721819,0.9699901348304045,0.9805746327021783,0.9880219207037,0.9864591033630699,0.9913312748490724,0.9961229741767652,0.9835896477911027,0.9728044447820523,0.9836724478753013,0.9802630052455389,0.9935514795162106,0.9927694400907748,0.9933972348154468,0.9937496444781809,0.9943231168414337,0.9892716654333619,0.980574632702178,0.5833798447721819,0.980574632702178,0.9881974322447028,0.99112190746941,0.980574632702178,0.980574632702178,0.980574632702178,0.9659635783108969,0.911423220885865,0.980574632702178,0.5833798447721819,0.987813356600175,0.9910996696084701,0.9922449594015093,0.9962693499570778,0.7394936704619851,0.980574632702178,0.980574632702178,0.9821154249882328,0.6468929953358901,0.6812730380957793,0.5833798447721819,0.980574632702178,0.996939430179541,0.9958306183193768,0.9955343261659868,0.5858623121967443,0.7857316505506907,0.9029495385701425,0.997210676104177,0.995473046385632,0.9974956804650945,0.9943959533596783,0.9961533405830092,0.9946932146312784,0.9860922174839791,0.8291441198038669,0.980574632702178,0.583379844772182,0.9867555291145116,0.9858780918085012,0.9854100079430386,0.980574632702178,0.9888722751642164,0.9617416041845133,0.9805746327021783,0.9886824167630608,0.9205938084354403,0.989892209774083,0.9900325249693913,0.9901392446446462,0.9902654527378882,0.980574632702178,0.8776590291937387,0.980574632702178,0.9278221999302254,0.9918520422736141,0.9940143723791639,0.9804522671121223,0.9916817132986008,0.9740496302570285,0.9564908023464993,0.9617416041845133,0.9586114243990078,0.9429037195895751,0.9185763266491851,0.8580826760125504,0.9893816801453181,0.9894728336986471,0.9832305692143583,0.9961651365681609,0.9934261803838198,0.993409248856882,0.9718392186755482,0.9156306725839778,0.9585618029430817,0.9922390273632862,0.9830474808986628,0.8816594785996499,0.9732408421284671,0.9029495385701425,0.9813205567502477,0.9878026094191402,0.980574632702178,0.9953973683331871,0.996048387566467,0.995239017534258,0.980574632702178,0.9815146122151206,0.9482653924971611,0.9688911878269623,0.9780289120113852,0.9723654567090396,0.9647224279895287,0.8250236884919306,0.980574632702178,0.7481736669641472,0.9244483371075268,0.620616856140619,0.9805746327021783
8,0.9224793414415805,0.9668532112374533,0.5880343683463211,0.5880343683463212,0.6444816977125376,0.9785483385266489,0.9960138416026364,0.9990545868673756,1.0000000000000002,0.9147687411993752,0.9885568773420288,0.9569520010566069,0.9832206130471545,0.9884111316290737,0.9899316271075291,0.5880343683463211,0.5880343683463211,0.9663922252422051,0.9800572805772019,0.9879853736447788,0.9862522216019864,0.9914536784753877,0.995067796642995,0.9805508302515132,0.9747228207994592,0.9839875978705271,0.9808797495852127,0.994049641976712,0.992200958223442,0.9937039796843704,0.9915839656039257,0.9939392437704265,0.989783036018913,0.9800572805772018,0.5880343683463211,0.9800572805772018,0.9864991617511846,0.9916627781678691,0.9800572805772018,0.9800572805772018,0.9800572805772018,0.9681773593505839,0.9143717831479187,0.9800572805772018,0.5880343683463211,0.9876519528988883,0.9913211592412132,0.9910727700772675,0.9937641679034415,0.7438111785731181,0.9800572805772018,0.9800572805772018,0.9839697004471627,0.6514382443215493,0.6821471369081251,0.5880343683463211,0.9800572805772018,0.9961859448976457,0.9953096991056017,0.9960078199807626,0.5880343683463211,0.7907830364814763,0.9053381356200002,0.997162335459977,0.9954384392839324,0.9969875591900051,0.9950851623263932,0.9951110605649891,0.9954699133858602,0.9860429564046195,0.8330486884906214,0.9800572805772018,0.5880343683463212,0.9858817849431147,0.9857882288840998,0.9850609146077816,0.9800572805772018,0.9887712541639514,0.963109767287768,0.9800572805772019,0.9885644474155602,0.924006865396515,0.990298491608236,0.9901215576939675,0.9899096744580901,0.9900274505273492,0.9800572805772018,0.8802347605750714,0.9800572805772018,0.9310544165483416,0.9919452381491829,0.9928407419261871,0.9807175771664682,0.9879707077683245,0.9747114885083146,0.9537963213681183,0.963109767287768,0.9610252304041983,0.9450646523861592,0.9190133787594288,0.8610441872836211,0.9887997940782325,0.9885264708383774,0.9828744491313512,0.9950707148599653,0.9922225728105333,0.9929718097512772,0.9725543536630158,0.914689611242012,0.9563261473772678,0.9904116879841683,0.981197831426919,0.8838654325626782,0.9748549344701085,0.9053381356200002,0.9831311740024267,0.9861854133687493,0.9800572805772018,0.9960276407964127,0.9967894400122228,0.9956615458120075,0.9800572805772018,0.9784719062392184,0.942434859971773,0.9683929989860043,0.9779828551918048,0.9730621649366126,0.964058811068106,0.8316061788568635,0.9800572805772018,0.7371429816844448,0.9147687411993752,0.6043686563559411,0.9800572805772019
9,0.857463151135695,0.8828362463073198,0.5773502691896258,0.5773502691896258,0.6327719971683328,0.8807048459279794,0.893289651465121,0.9244483371075268,0.9147687411993752,1.0000000000000002,0.938499736327357,0.9086260917288514,0.8973403388370282,0.9059885794567508,0.9028290272497065,0.5773502691896258,0.5773502691896258,0.9721711171762598,0.8660254037844388,0.879798727850136,0.875603942920129,0.8844395746351075,0.9323361228627969,0.9615953623558349,0.890650702404403,0.8961109120524424,0.8994441503990984,0.8921145617631223,0.8985970373387725,0.9078412990032038,0.9183364586146504,0.9038353419323746,0.8866418074229753,0.8660254037844388,0.5773502691896258,0.8660254037844388,0.896258159530272,0.891132788679007,0.8660254037844388,0.8660254037844388,0.8660254037844388,0.8872139507342691,0.847882935691488,0.8660254037844388,0.5773502691896258,0.8790150981109282,0.8846395111437297,0.8999671945513207,0.9359692438064614,0.7302967433402215,0.8660254037844388,0.8660254037844388,0.8970852271450607,0.6396021490668314,0.7222222222222223,0.5773502691896258,0.8660254037844388,0.9117879663879275,0.915692852333022,0.9038746421792534,0.5773502691896258,0.7738611641158629,0.8333333333333336,0.9096423746612439,0.9017265718633617,0.9169012947702295,0.9112407657152128,0.9119302181298392,0.8947872962199435,0.8767945989619057,0.7938566201357355,0.8660254037844388,0.5773502691896258,0.8837304892944172,0.876095805063078,0.8744214968688807,0.8660254037844388,0.8810677178572229,0.8728715609439697,0.8660254037844388,0.8805874420954337,0.8618575020903776,0.8858784221879581,0.882031839537728,0.8852189835406878,0.8859646343581293,0.8660254037844388,0.8249579113843056,0.8660254037844388,0.8660254037844387,0.9043132898038487,0.9344538948468138,0.9140991824640677,0.9586080942771936,0.9142887984157212,0.9646242099107285,0.8728715609439697,0.889646241113611,0.8699002571554416,0.8857757163569195,0.8097503390415868,0.9030150838223793,0.8906368157133749,0.8704069774998862,0.9133291004327893,0.9046481807543377,0.898384077343696,0.9093343108499145,0.9185834858291088,0.947541786008998,0.9101820546182066,0.944047663633134,0.8524154918546826,0.891132788679007,0.8333333333333336,0.8967655667315693,0.8942947127068098,0.8660254037844388,0.8935808279373953,0.8972256783465806,0.8966620209861075,0.8660254037844388,0.9595924187189545,0.9843740386976975,0.8983680856927769,0.8935455289327459,0.8828757263248297,0.9326299682715117,0.8164965809277261,0.8660254037844388,0.9240280911742527,1.0000000000000002,0.8660254037844388,0.8660254037844388
10,0.9269109269005232,0.961760796815728,0.6079901521405005,0.6079901521405006,0.6765334966377708,0.9649161788783411,0.9778291370293115,0.9892097332216421,0.9885568773420288,0.938499736327357,1.0000000000000002,0.9795675504256678,0.9754768709593922,0.9805711663986394,0.9808338846734321,0.6079901521405005,0.6079901521405005,0.9821604956748974,0.9542067665538412,0.9713622111390264,0.9640269129316514,0.9709162102238891,0.994040712427004,0.9892616366290212,0.9688747913021474,0.9704487017095005,0.9718860583623453,0.9789376208480757,0.9767695508722857,0.9859696869840795,0.9776698007704593,0.9800926733780047,0.9772154577082897,0.954206766553841,0.6079901521405005,0.954206766553841,0.9666065045276607,0.9811465689755138,0.954206766553841,0.954206766553841,0.954206766553841,0.9621047433012317,0.9147642546600367,0.954206766553841,0.6671003058208269,0.9666824759138348,0.9717605232240691,0.9726378297553422,0.9845623620487459,0.7797347684849353,0.954206766553841,0.954206766553841,0.9749720255761282,0.6829005307404957,0.7207352953440395,0.6164344598091185,0.954206766553841,0.9834006488704962,0.9879930308942703,0.9888943603744045,0.6079901521405005,0.8171711288505439,0.901934811535382,0.9859448847196858,0.9831866841805602,0.9883188946555721,0.9868785154056223,0.9813724760584778,0.9829442891872908,0.9634008535000098,0.8824301513705874,0.954206766553841,0.6079901521405006,0.965596570160376,0.967987352877814,0.9626826687688483,0.954206766553841,0.9686329901919297,0.9734527308585857,0.9542067665538412,0.9681908449984268,0.9274995607153049,0.9708142756480208,0.9683751312176803,0.9713509471187292,0.9691120891734458,0.954206766553841,0.9170015291838807,0.954206766553841,0.9499846127195318,0.9856102258068834,0.9944408495965463,0.9861115017460904,0.9876158490711878,0.9880350876895833,0.9811430654608152,0.9511111927733067,0.9666687891661008,0.9440566163888409,0.9297967635225817,0.8737289023929619,0.9839566230543304,0.9691426118977287,0.960049239231617,0.9808826441126052,0.9774039233198318,0.9783318242810386,0.9778694228271989,0.9358521012127936,0.9728655300097403,0.9769176741203209,0.9940027731467367,0.9272631234476286,0.9804224755666757,0.9360620746745586,0.9820654568319998,0.965879984395798,0.954206766553841,0.9796331772181266,0.9834184962335791,0.9823819697234362,0.954206766553841,0.9852896808150393,0.97038645018047,0.9625018921909603,0.9676088628506543,0.9645385187642451,0.9830085999999051,0.8598279189463772,0.954206766553841,0.7924245324863471,0.938499736327357,0.6713224596551359,0.9542067665538412
11,0.9175063864265631,0.9390624912941083,0.6092076990801714,0.6092076990801715,0.692725807446232,0.9293009831096515,0.9425802016946097,0.9570580671136045,0.9569520010566069,0.9086260917288514,0.9795675504256678,1.0,0.9511977694882796,0.9545559795099734,0.9548943858595933,0.6092076990801714,0.6092076990801714,0.9561601895800856,0.9138115486202572,0.9442140096450979,0.9279286824208441,0.936176511851456,0.9696464186783006,0.9715884671452313,0.9434811119828985,0.9373772174583647,0.9461558651498856,0.9509950441069391,0.9437907178838411,0.9597087433548785,0.9423390846855507,0.9437253408345903,0.9514225813685226,0.913811548620257,0.6092076990801714,0.913811548620257,0.9269483710714229,0.9620706298953402,0.913811548620257,0.913811548620257,0.913811548620257,0.9361692517737977,0.8946680029559321,0.913811548620257,0.7615096238502141,0.93487925117265,0.936716578818577,0.9346004717841964,0.9494797092653545,0.8348096887883163,0.913811548620257,0.913811548620257,0.9465852122576188,0.6873926032954473,0.7132226311420015,0.6092076990801714,0.913811548620257,0.9514594811677797,0.9596167144733623,0.964909512113169,0.6092076990801714,0.8219516541150713,0.8793155726408239,0.9534363450437436,0.9560570961509254,0.9576488482316163,0.9630195324243328,0.9481694692623449,0.9514232574787014,0.9251749738494833,0.9391952027485975,0.913811548620257,0.6092076990801715,0.9292216702153999,0.9376438731552985,0.9296608583643446,0.913811548620257,0.9382920618895942,0.9786001844780038,0.9138115486202572,0.9374364530974264,0.9094136675824682,0.9347600305156245,0.9307011984846676,0.9390658873990048,0.9310133519778969,0.913811548620257,0.9741063399403721,0.913811548620257,0.9518870298127678,0.9657086413695698,0.9740950898775163,0.9720734282266704,0.9543047537082889,0.9793552972481218,0.9718463466374534,0.9210354677440036,0.9572260024183279,0.9314987329623294,0.9255647663969679,0.8866739902386784,0.9646057554642266,0.9326936481965538,0.9234263857983454,0.9437724942918395,0.9433858840097649,0.9520488044108516,0.9752398594731218,0.9249240433222987,0.9647182624160869,0.9431666723015868,0.9908961376303224,0.9669094590890612,0.9838369337391261,0.9672471299049064,0.9643186200817265,0.926165892731396,0.913811548620257,0.9470595132426345,0.9565747170453561,0.9568633766348905,0.913811548620257,0.9630301433458888,0.9625198687416113,0.9319802906353533,0.93525881168648,0.9315916498368009,0.9810539468144014,0.8615497903412858,0.913811548620257,0.7804695519248999,0.9086260917288514,0.6599750073368523,0.9138115486202572
12,0.9146247912013299,0.9535392673267707,0.588696052319825,0.5886960523198251,0.6472161937210761,0.961570564684221,0.9780252896348143,0.9825689829684308,0.9832206130471545,0.8973403388370282,0.9754768709593922,0.9511977694882796,1.0,0.9987054742073451,0.9983868856609016,0.588696052319825,0.588696052319825,0.9632850563725488,0.9594319745419988,0.9703928429571683,0.9669060411273364,0.9730024952000987,0.979809443689877,0.9677445989361145,0.9615001440689579,0.9669643083209348,0.9661963800877178,0.9794249942091513,0.9736758980249799,0.97785585826721,0.972380708737157,0.9758086280470708,0.972940250738508,0.9594319745419986,0.588696052319825,0.9594319745419986,0.9659716855610907,0.9767670241692653,0.9594319745419986,0.9594319745419986,0.9594319745419986,0.9549569768849875,0.9041385390707986,0.9594319745419986,0.6009181156897868,0.9696137235766724,0.9726763778015038,0.9738430869734709,0.9754764607508326,0.756243017338917,0.9594319745419986,0.9594319745419986,0.9694948723836194,0.6694722413583544,0.6825118086130476,0.588696052319825,0.9594319745419986,0.9788019530777139,0.9795436494475456,0.9813456737803941,0.7109166860194427,0.8312132530145463,0.8938121330486782,0.9803663975032761,0.9786100611762675,0.9805044172540395,0.9808591323150662,0.9770225330247636,0.9785223451358771,0.9665290865298755,0.8392483514040412,0.9594319745419986,0.5886960523198251,0.9660496045940862,0.9672325421243628,0.9664899043822153,0.9594319745419986,0.9711747703790621,0.9523881002103258,0.9594319745419988,0.9708421466100021,0.9148038709162295,0.973269319496754,0.970890637246463,0.9714639788897573,0.970619749533673,0.9594319745419986,0.8848288685397462,0.9594319745419986,0.9242935423533585,0.976709045417963,0.9822233120714986,0.9675894006653974,0.9697154886235593,0.965980182494117,0.9432012606932421,0.9477685944696128,0.9725314245980373,0.9361702765461012,0.9128359062795968,0.8597850007836368,0.972563034916217,0.9690097301107385,0.9630176838085901,0.9761709798364588,0.9734771561745172,0.9765911064214681,0.9766963280922362,0.9100083629012063,0.9528394892413996,0.9711000210914229,0.969892277403097,0.8837530735067706,0.9662866912919127,0.9008685446253784,0.9705488598781128,0.9656485028403851,0.9594319745419986,0.9784365981280676,0.9809006532195542,0.9797448227065666,0.9594319745419986,0.972294114836899,0.9303671116691585,0.9953910944799723,0.9975201033473837,0.9957060524952904,0.9737473524085068,0.8325419413061977,0.9594319745419986,0.7281639050586174,0.8973403388370282,0.5948070840048059,0.9594319745419988
13,0.9194996073095991,0.9580943001859163,0.5924885709733364,0.5924885709733365,0.6502216069102221,0.9669673877703316,0.9827974651894608,0.9878942201125209,0.9884111316290737,0.9059885794567508,0.9805711663986394,0.9545559795099734,0.9987054742073451,1.0000000000000002,0.9996571694656052,0.5927222942754955,0.5924885709733364,0.9684560804928306,0.9638748981041577,0.9744008238554864,0.9713547542399619,0.9776637082291033,0.985076415759857,0.9743425895734906,0.9665301613494236,0.971989697359383,0.9713420934745653,0.9835479107288424,0.9783307752446812,0.9825252952698954,0.9778556539063482,0.9808747559323601,0.9768517336920751,0.9638748981041576,0.5924885709733364,0.9638748981041576,0.9710201436297968,0.9808964114148869,0.9638748981041576,0.9638748981041576,0.9638748981041576,0.9599644372044334,0.9090623895949285,0.9638748981041576,0.5969293137143594,0.9742231126581257,0.977182653837639,0.9783748149436021,0.981211684338455,0.7611230967954684,0.9638748981041576,0.9638748981041576,0.974494228712411,0.6725123195076905,0.6903541216116676,0.5948258039949275,0.9638748981041576,0.9840047288059263,0.9848028201525282,0.9859634282867829,0.6887825714628886,0.8281315199431557,0.8985668678287911,0.9855039782510292,0.9831373081300621,0.985746104567083,0.9861818200479064,0.9822278962549628,0.9829651707796992,0.9711060928938179,0.8408780103429275,0.9638748981041576,0.5924885709733365,0.9705557300824822,0.9711244227744676,0.9710421023054088,0.9638748981041576,0.9758115993930059,0.9542390092993287,0.9638748981041577,0.97547178121644,0.9199514213805442,0.978364181386097,0.9755180068859969,0.975888210692377,0.9753449882015501,0.9638748981041576,0.8866160513882424,0.9638748981041576,0.9279983712227347,0.9809216935013034,0.9864042468327079,0.9717124397390641,0.9760233851844787,0.9704792544268552,0.9490071372308938,0.9525605663094484,0.9727509191126209,0.9415804000929228,0.9183898554970313,0.8646841679731587,0.9763407640584632,0.9737736928244128,0.96725528425914,0.9814543980308857,0.9783781841720278,0.9814655123306385,0.9790954426033145,0.9155595915071302,0.958080174764408,0.9760234594942386,0.9747466442058969,0.8852391262347101,0.9699737351543161,0.9011307318457227,0.9748998051531892,0.9706559380890818,0.9638748981041576,0.9830011240364982,0.9855462839206657,0.9843340734871793,0.9638748981041576,0.976903710185937,0.9370847203941836,0.9917313700138846,0.9950059589108357,0.9925225068282804,0.9747027130437845,0.8379053726215465,0.9638748981041576,0.7378365680338795,0.9059885794567508,0.6053433525920873,0.9638748981041577
